GD=1.752054e-02    IGD=1.411795e-02    DELTAp=2.389938e-01
GD_gen=17    IGD_gen=3    DELTAp_gen=17
