GD=1.878675e-04    IGD=7.922716e-05    DELTAp=4.333660e-03
GD_gen=58    IGD_gen=68    DELTAp_gen=68
