GD=1.440174e-03    IGD=1.796132e-03    DELTAp=2.096277e-02
GD_gen=5    IGD_gen=3    DELTAp_gen=3
